drs_base_link:
  lidar_left:
    x: 0.095573
    y: 0.503150
    z: -0.153371
    roll: -0.025393
    pitch: 0.000770
    yaw: 1.580149
  lidar_right:
    x: 0.044533
    y: -0.559427
    z: -0.009620
    roll: -0.003349
    pitch: 0.000492
    yaw: -1.560995
  lidar_rear:
    x: -0.251038
    y: 0.083081
    z: -0.045548
    roll: 0.004188
    pitch: 0.004478
    yaw: -3.125083
  lidar_front:
    x: 0.299000
    y: 0.000000
    z: 0.037000
    roll: 0.000000
    pitch: -0.000000
    yaw: 0.000000
